for kruskal's and prim's
n =  7
0 28 0 0 0 10 0
28 0 16 50 0 50 14
0 16 0 12 0 0 0
0 0 12 0 22 0 18
0 0 0 22 0 26 24
10 0 0 0 26 0 0
0 14 0 18 24 0 0

500 28 500 500 500 10 500
28 500 16 50 500 50 14
500 16 500 12 500 500 500
500 500 12 500 22 500 18
500 500 500 22 500 26 24
10 500 500 500 26 500 500
500 14 500 18 24 500 500

n= 5  disconnected graph

500 20 70 500 500
20 500 30 500 500 
70 30 500 500 500
500 500 500 500 60
500 500 500 60 500


for dfs bfs 
n = 10
0 1 1 1 0 0 0 0 0 0
0 0 0 0 1 0 0 0 0 0
0 0 0 0 1 0 0 0 0 0
0 0 1 0 0 1 1 0 0 0
0 0 0 0 0 0 0 1 0 0
0 0 0 0 0 0 0 1 0 0
0 0 0 0 0 0 0 1 1 0
0 0 0 0 0 0 0 0 0 0
0 0 0 0 0 0 0 0 0 0
0 0 0 0 0 0 0 1 1 0

dfs connectivity 
n = 5 
0 1 0 0
0 0 1 1
1 0 0 0
0 0 1 1

floyds 
n = 4 
0 500 6 1
4 0 20 10
500 3 0 12
6 500 500 0

topSort 
n = 7
0 1 1 1 0 0 0
0 0 0 0 1 0 0
0 0 0 0 1 1 1
0 0 1 0 0 1 0
0 0 0 0 0 0 1
0 0 0 0 0 0 1
0 0 0 0 0 0 0